Acidimicrobiia	0.0	10.41627210137079	9.58239786159558	9.63410965402456	14.553302412549401	10.283255867655514	17.06421694658152	17.224619008848933	9.603126925312571	15.774267019421464	10.030238400322949	11.533917374422273	22.75274708689041	10.876465418507882	11.949644717553097	15.966762351835765	15.409007106234977	19.13602623325961	16.843025262701474	8.639533817169404	8.76740256262599	12.070720479714844	14.020529772516955	20.07952937695503	16.813313177360374	9.84368828505848	21.34683817336891	8.55134991260355	10.74379203758809	12.013638083445272	20.33316256758894	8.162804515056322	8.386790026244599	16.872685026396955	11.210250765358406	19.240257274787155	15.168726966287549	10.889358337386092	19.62619423117992	11.817118520327103	8.574161298057305	19.01808349965895	18.733325919334238	9.370713469051962	16.391689967785506	21.47527648250425	9.696434052440551	16.04485898972004	16.67895380412093	9.732903110663294	21.890351755967743	9.772466501195936	14.00669482783144	10.495700177797996	21.33512362279628	18.423829677892705	15.911866640969563	23.72103496898902	20.104414938017968	9.373699909854253	11.344051304538427	15.562374497485916	22.20782519743885	22.219079638904937	9.449794236443294	12.805401568394787	21.614520582238228	9.303734321139276	11.3852975367357	17.195566289017645	12.411061146231825	8.877816055417968	7.388001199810301	20.16649448962313	13.995072569051693	10.541913699345375	10.071618539241843	9.101795815927662	21.33512362279628	11.222633380806613	21.660736367907717	15.75396775418815	12.388110339263763	16.813313177360374	16.518297934916333	17.020208576865326	9.245004526534524	10.53728801805777	17.115417026762742	17.91472857734663	13.212210261723811	11.510864433221338	16.11482236948332	8.075995655636513	23.31710745354149	11.08059412286638	17.907749719046222	21.935986415021322	22.620510604316607
Acidobacteriae	10.41627210137079	0.0	5.710979345993705	5.643278216031701	10.599009494645134	7.8671343577057495	19.082260166479877	17.287190019650655	5.750049107991457	10.62213706927068	5.6765000309171025	8.392895136692072	20.212897478832545	7.699708449290693	8.230714212172805	13.153916154669728	15.616742716111588	16.07095237389748	17.64300173451449	5.8625220828330304	6.033232219940871	8.440429642739602	10.167475154648836	16.7029876345032	19.059787779618148	5.754852323194295	19.026029431238847	6.040893756323163	6.247312565072782	7.008245872120059	15.84378459220148	7.886632969261346	5.365157943842699	18.84875354510427	7.47826176948671	18.8297961882171	10.400020713392939	7.514038731682428	17.67536045875552	7.938388666048892	5.355169954611872	18.535404621690766	14.905313393113817	6.727018542983978	13.980489320215238	17.65514320623462	10.271981573297913	18.4039148452891	19.61751612145405	6.865584734409025	19.160705964583446	5.957369561976847	11.270559445035582	9.064458014298259	18.727094852983793	15.88093453272358	19.31294374036147	19.588365976585496	18.73853390906619	6.295461193006713	10.215034937556988	19.22769049138904	18.169552913080278	18.681268584289633	10.905697610094307	7.592127080469781	17.780119601994354	6.002310773632586	10.984509036616506	19.581071659818267	8.29617566184801	7.199694500951686	10.73582197690431	17.828262359958398	9.599940501164344	8.531088937412992	12.86844741122678	5.412216905921515	17.46804662981021	11.750067303324153	17.618693690138834	12.657175104763793	10.30284067998203	18.943255759649915	10.951811579402841	19.07102728309758	7.878485975107926	9.673760005967393	13.823781638014601	14.097510273745744	10.118431353783247	10.800899905818481	19.69745658501032	7.410179574754426	19.75900724598628	5.609191640979709	19.992600672064967	17.892251201601876	18.78897310137201
Actinomycetia	9.58239786159558	5.710979345993705	1.7841612752790171e-06	1.0423731118794863	10.425932068927265	8.388030353105892	17.361263475552892	17.38143144630898	0.7308767325080274	9.06222920716565	1.0941675946754947	7.805025711944729	19.672202175483147	5.272960567435092	7.3185262963029505	11.89685645897678	14.495556926761804	15.696976736396365	16.17462602160652	1.8602070296782396	3.796003368061763	6.208133675155547	10.070319732368485	19.509352853898342	20.096288856139726	1.5110408239057591	18.32390933659116	4.719329028050007	3.805535467854981	8.169291985021662	13.731607068582962	5.527234308763873	3.4696574886192035	19.861396694668006	7.70758583664491	19.31797205143982	9.117331298355131	8.03457594148694	18.426122088347654	8.033411492264753	3.872409934192296	18.96237407043503	18.196861496371874	4.206516902134296	13.74977610838756	17.241666933999415	8.596015189051114	19.469602550913955	17.74111785009656	3.357769022570809	18.23537418772692	0.998214503819398	11.005448934467683	9.731438866774244	18.63457787168983	16.750649959487184	17.212536143812443	18.262105682268007	19.904557279729918	3.08953571946028	9.052009266810174	17.184961296288197	17.719166790975734	17.42457369114497	8.618219036009085	5.917770241923678	17.39150666130813	2.837989460766329	8.583062272482586	18.180604748131913	6.788796989519639	5.267113538535034	8.742997192385195	17.709940011606278	7.771616102128106	6.6697882148950125	11.35650193211947	3.047513769743752	16.966868270038933	12.307229836529874	17.349130238783715	12.651669211427508	10.91570549967729	17.332996850296666	10.694975998718041	20.098702378105376	8.762658506996429	7.7804741308739285	12.999576404981282	12.974042096360776	9.395897762051435	11.313692926206116	17.709303952416118	5.190552268573618	18.04289010277096	4.040841593904607	18.414003867521153	17.605501962529335	17.109479070540623
Alphaproteobacteria	9.63410965402456	5.643278216031701	1.0423731118794863	2.431401974483864e-06	10.640265822128434	8.094589263654568	17.51170650877101	17.07520609193424	0.9831618562439578	9.104418664770433	1.4061005415589496	7.75847719016463	19.77748263035408	5.285659905560927	6.928986282089928	11.998330654179993	14.817386109677546	15.379684026503172	16.271538268794338	2.0315131162429005	3.4236954657795398	5.995010424382845	9.710032613407092	19.52027940753672	20.11363330728385	1.290190131225652	18.3341207225669	4.917475429588399	3.3618241177793693	7.882065942623245	13.670124711247368	5.326299776550126	3.5459747720876846	19.884461863782487	7.542995117233683	19.355675958248842	8.71298124836598	7.8898874620936414	18.456135484284935	7.759716630311976	3.853938980882569	18.995738155949397	18.200559890103673	3.9596679465851117	13.787456585809878	16.893543844090836	8.785954803859116	19.495743587146254	17.897887758176015	3.6184748591429776	18.430862261451168	1.2007943508529666	10.567306421061536	9.539798849233371	18.62552638283937	16.785533089793063	17.450078099368927	18.09181493514583	19.870421480865517	3.139800909867519	8.759030537331071	17.40795478757203	17.2985160401409	17.48999496167723	8.72289203052846	5.5405740218390065	17.03535473930056	3.0923475541559635	8.719105841515391	18.27820709314933	6.549209051661767	5.451530437380708	8.924212772434228	17.73313250840565	7.484532857612598	6.513786897829288	11.331840151818161	2.9016048383550626	16.606023368788144	12.35110366552499	16.870382070706942	12.328980206003461	10.768311983349507	17.48780548121723	10.643464226018024	20.11974638871574	8.640779275537815	7.855500399073924	13.167008031059327	12.969165779654938	9.560215197809088	11.349189517278846	17.963514332565463	5.112656402680055	17.994191839585064	3.96454906229575	18.426546780750247	17.1335844928587	17.037807660792275
Anaerolineae	14.553302412549401	10.599009494645134	10.425932068927265	10.640265822128434	3.162979879718208e-06	12.569293702072892	21.207964960782604	19.843834754849752	10.380853323947541	12.272643471468983	10.291694416471055	11.670683832197494	19.969421067666996	12.114224880051038	13.303640507623927	16.437592416301413	14.709218575815507	19.82702981061753	20.431457227629394	10.761083702286864	11.444200704111111	11.776127804240472	14.373381797906472	20.308728282303875	21.41131580366909	10.69668812364238	19.977765418362395	9.427753166700652	11.474954606444514	12.665613991346394	18.28098587178628	13.134659279038278	10.944710172063367	21.419098435223248	11.958446573215351	20.30872828230388	14.4875425414007	12.28234109515702	18.84439203347022	12.561453875121162	10.640377383062928	20.30872828230389	19.162318347330775	11.71178811265045	15.237927826461508	20.803311702173353	14.098857321704422	20.85931712954948	21.957028740499396	11.220274504948419	19.513528071001996	10.664840762947742	14.683702227678012	13.163501729319186	19.88578498436634	17.164239310587476	21.96461801271422	22.32586939952058	20.43145722762939	10.9771669589403	14.917364974343926	22.00252510761245	21.689731313330032	19.952721897303046	14.927603067249066	12.493729565812417	20.859317129549474	10.163262613888948	15.014113730457634	21.325519402297875	12.93319657687709	10.660393563547062	14.692737771085604	19.93600873907437	13.841262193853968	12.76388133236411	16.351180725290643	10.858689582808575	20.859317129549478	14.317976269167522	21.089755280177688	16.67666366846546	13.743685418725532	21.61275343659655	14.999999999999984	21.457969252574898	12.508934005409396	14.077369626492944	13.553392359274843	15.791171935962074	11.75561331638847	11.989868408137333	22.21360944206164	12.221989373995104	21.70509412813306	9.806854202445813	21.835241646883205	21.372360135880704	21.12725990541879
Aquificae	10.283255867655514	7.8671343577057495	8.388030353105892	8.094589263654568	12.569293702072892	1.8467823725735746e-06	20.66097851162557	13.743217711215003	8.398766333907762	12.751029775300033	8.53673021500847	8.214690906797212	21.261652128648695	9.99202574618363	8.609436803499879	15.124893278771161	17.54963445264573	15.961989975154854	18.804342737387195	8.325938366752215	6.8228148174218575	10.039742046629229	10.749395445586783	18.675789781611495	18.700112696880602	8.36409679010306	19.539322505321014	8.102914715707971	8.113557061918156	7.846692201966732	17.435299521989577	8.965759626145056	8.229169853749491	18.587963758685802	9.02609419916463	18.98955780909936	11.259441502882973	8.66351145812863	18.595298437157293	7.998705384484169	7.710379633086667	18.663616437132397	17.547044204953167	8.575107813351103	14.478467911276162	17.78824014913527	12.24486174354185	18.072169371304764	21.359767541372953	9.448509194906745	20.71371167221538	8.726179256987496	9.000688678885457	8.194126544393612	18.89356880392802	16.93607329083099	21.08777406166984	21.001377365298485	19.380487759216123	8.871571622765327	9.852947706772783	21.029495225075888	18.349229271989472	20.21618695194608	12.73098791374333	9.541077625248644	17.84691560730361	8.871671856303683	13.306095198122158	21.21242424025983	10.088033821256403	9.635333352156966	12.173343283808434	17.623941267069807	11.151447667234592	9.234857806941037	12.271127841905935	6.91791289580824	17.767785874329846	12.659873486501036	17.641985982918413	11.893987647074573	10.464334459683096	20.750983248634896	13.910873326078818	18.71226229857258	8.300111043505634	10.206420713521931	15.48132706208701	15.144415003067165	11.855709647240484	10.288227445334988	21.506101382961464	9.014403076992803	21.33208501857405	7.867597530955128	21.54622169712104	17.879994823154593	20.45479797823925
Atribacteria	17.06421694658152	19.082260166479877	17.361263475552892	17.51170650877101	21.207964960782604	20.66097851162557	0.0	25.69046515733026	17.38930476986538	22.397321268401885	17.664340736711626	20.444284042245158	27.65863337187866	17.621293936598356	20.851830053212424	21.96019125599775	19.254869513969705	26.019223662515376	20.688160865577203	16.64671545642276	18.112110942100024	18.69119971391779	22.29258135957931	26.095976701399778	25.238858928247925	17.743195167235815	26.5329983228432	17.240781216078584	18.699010559876424	20.98666243117297	25.763346055976502	16.869698713785063	16.558783171954538	25.03996805109783	19.535836017147705	24.919871588754223	22.28851223787219	20.394928904019253	25.573423705088842	20.806278729458143	17.604965281736977	24.454038521274967	25.0549396327351	17.670664971887785	23.318447632722037	27.477263328068172	17.672954855748632	24.839484696748443	17.635192088548397	17.221654427563827	26.457513110645905	17.250386105929756	22.7705950734714	20.641113234405786	26.664583251946766	24.38237068047322	18.0	28.809720581775867	25.84569596664017	17.28811007600314	19.742087022399634	18.303005217723125	27.964262908219126	26.981475126464083	15.267976654131905	20.20254095849578	27.676705006196094	17.212467317089498	17.28619391306253	16.0	19.800535964710427	16.3338539414464	15.153127860300694	26.019223662515376	21.558095446721314	16.182123195400308	17.89553016817328	17.64583308234769	27.294688127912362	19.28107880799192	27.748873851023216	23.926972228010797	21.239376429431882	19.1049731745428	22.7229692895389	25.25866188063018	19.491358174284628	17.06051653642966	22.38861317723811	24.03643068344383	20.676073128135332	20.556325060671714	18.65475810617763	16.349761271490706	27.676705006196094	19.13436396375692	18.027756377319946	27.874719729532707	27.408940147331492
Babeliae	17.224619008848933	17.287190019650655	17.38143144630898	17.07520609193424	19.843834754849752	13.743217711215003	25.69046515733026	0.0	17.33882267527568	20.100746254803767	17.64665921161975	14.455751450547288	26.057628441590765	18.55020215523264	17.690468131790595	22.118996360594664	23.339880033967614	21.702534414210707	24.331050121192877	16.987847559011318	15.087212524961439	18.546598916268866	19.53280861127994	22.825424421026653	25.03996805109783	17.457543839211997	25.13961017995307	17.20894426590835	17.3316019020112	17.956614380222312	23.531893251500186	17.163529202756678	17.606264060792633	25.03996805109783	16.682792199016088	24.879710609249457	19.40217628114035	16.96181372966936	23.62202362203543	18.006514596146463	17.102054178274003	24.698178070456937	22.197972880423112	17.881104049531817	20.946360065653412	24.186773244895647	20.091457554559412	24.677925358506133	26.551836094703507	18.17164190788015	26.076809620810597	17.62968701389989	10.8397416943394	16.362219355033357	24.186773244895647	22.192341021172147	26.115129714401192	26.49528259898354	23.49468024894146	17.533646226612454	14.807092894960848	25.98076211353316	24.779023386727733	25.80697580112788	19.768100004243784	18.24509254348797	24.124676163629637	18.082447663267704	20.36694626103776	26.267851073127396	18.378669979192647	18.46578622130616	18.863708706742777	22.956480566497994	19.59153905048986	15.943476548245226	13.46291201783626	16.568593250874777	23.979157616563597	20.13355408267489	24.289915602982237	17.219175357722563	18.950227204735747	25.748786379167466	20.872629605937554	25.099800796022265	17.42312306652557	19.181198277139323	21.914607000811127	21.811694111187236	19.849433241279208	16.418358626854268	26.49528259898354	17.26402041680357	26.720778431774775	17.18499008721039	26.664583251946766	24.351591323771842	26.386549603917523
Bacilli	9.603126925312571	5.750049107991457	0.7308767325080274	0.9831618562439578	10.380853323947541	8.398766333907762	17.38930476986538	17.33882267527568	0.0	9.002497702287439	1.0552799669780888	7.80119971406703	19.6514872578539	5.383747596185123	7.366056184165291	11.90995333279433	14.429168121255458	15.598566996221233	16.22932096811916	1.7799568631710685	3.7688825146467306	6.131496312105263	10.062720462555946	19.515371305426584	20.227370728607546	1.4148282235661507	18.29518234502006	4.777543543786282	3.654674236856411	8.17849534073231	13.801155148592397	5.470045567089379	3.5479559119312998	19.989418131997677	7.845012811001928	19.312045226341706	9.0073249650992	8.07441370195465	18.627012272672705	8.108169677092167	3.9371444321924773	18.959489119806186	18.20039612535445	4.072498911300937	13.702756811122754	17.153625344070992	8.7334592692398	19.60106457063028	17.716906050713984	3.317179586475517	18.24543495972643	0.7796163418233161	10.922433303186365	9.747186142864347	18.595748391678185	16.99085453541343	17.144983897810278	18.220360566876494	19.88393089790677	3.0292988442173696	8.93160235988569	17.13413308332122	17.662012753891947	17.36885641336419	8.615622457262873	5.948700347991522	17.302732785806207	2.8146777082812444	8.50254694254877	18.18326135287953	6.7082845807783915	5.288102795543205	8.754819739106221	17.79983662911713	7.7849197051828805	6.664531343905351	11.291711112966555	2.9979629412970823	16.923917593455645	12.530057000656939	17.292527207018058	12.670682331283679	10.945269276707085	17.31405987426765	10.667021398319163	20.228885773161	8.824728721059358	7.798703853128941	12.939584251990478	12.932866545662309	9.440982359857772	11.30638034475092	17.649113148780508	5.134792715209466	18.041688666836365	3.9282090226370054	18.43578760530164	17.53925699191575	17.113103850614976
Bacteriovoracia	15.774267019421464	10.62213706927068	9.06222920716565	9.104418664770433	12.272643471468983	12.751029775300033	22.397321268401885	20.100746254803767	9.002497702287439	3.960906917056119e-06	8.693754591418974	9.899936868485971	20.693960471596718	10.627793750351275	10.783550918608146	15.009663553857814	18.2315660325713	17.984437717093282	20.54361214587171	10.197443122220088	10.385382060584483	10.720979819215692	12.944906807115284	21.71266911275552	23.448667339531426	9.008201348471726	19.99099797408842	10.580293070460023	9.823666550214638	11.692732785795393	12.222520198388203	12.507638482470401	11.029713356726768	23.217234977490488	13.056118191186313	22.339203208709293	11.585239651288457	11.408028970861176	21.513716554793774	11.8662505128864	10.361304008327819	22.00090907212717	20.63952518833724	10.971165600007302	16.024668483310585	18.69331431287688	13.295613311665491	22.808770243044837	23.044305153334687	9.84013616639328	19.121715404220602	9.110974558977954	13.621306838919962	13.57309430044979	19.90577805563017	20.187619968683972	22.716513817045247	17.978876494375495	22.145879978000597	10.127623117000784	14.194717327231535	22.80000000000017	19.153067639415045	16.076069171287106	15.601851741950078	9.546245823770475	18.815950680207674	9.898465506187117	14.22155054837578	23.117958387366468	10.98511051656866	11.666252665152529	15.51814549184871	20.14547095503124	10.347386257740496	12.357229103286869	17.12571166404501	10.234218812097632	18.575252353602302	17.390802166662784	18.83719724375173	15.353826884526468	14.25778539761515	22.490887043422887	11.712102003198881	23.4187958699846	13.437973449697742	14.094115141882957	13.486660075793692	13.892084076912564	11.315476127852833	14.035757906148405	23.18706535980798	12.495406413543478	17.777513886930528	8.66509574658737	23.474241201794094	19.06410239166816	16.18301578816531
Bacteroidia	10.030238400322949	5.6765000309171025	1.0941675946754947	1.4061005415589496	10.291694416471055	8.53673021500847	17.664340736711626	17.64665921161975	1.0552799669780888	8.693754591418974	1.7841612752790171e-06	7.851744120588038	19.599828723594918	5.38531595759859	7.348478050912363	11.836610939501078	14.596930651333933	15.691997266831125	16.44122585928174	2.40324694767329	4.116095955310508	5.9951225673151125	10.037713729072056	19.559671447500143	20.28336619068306	1.644889594574858	18.023169342391352	4.851439555046685	3.8568372832833635	8.101526817302094	13.471152097871858	5.914266455373987	3.7890200871452184	20.032432795705656	7.955821372347631	19.432370327991503	8.995197425593442	7.982607331100897	18.58102048499185	8.016003071880602	4.156491631629589	19.041961326911775	18.204129548714512	4.436280626216217	13.589529304565508	17.11543923151027	8.92951216745104	19.65061854777907	18.05426251062465	3.4434285122891195	18.063372064666872	1.1918480573399446	11.104300431220103	9.87514187452747	18.598161951202822	16.930685297621775	17.616611360838267	18.014758514513186	20.030104829125563	3.362266188409095	9.372013291951475	17.607859202168086	17.585407309555297	17.20247966775851	9.117808489307441	5.822671904096983	17.268991077466993	2.9840259734039702	8.856555985354431	18.472509219786176	6.6993599605880645	5.5146056889088735	9.201823928554575	17.80268714025907	7.522334384133255	6.885830100483637	11.870268994182743	3.2899077202195546	16.85077513890151	12.615674968314961	17.233926084152994	12.734196585501348	10.98677065394681	17.64519106894401	10.420705821989591	20.287708343439224	8.959936064246907	8.103549115262323	12.830922048148183	12.622628376616035	9.192024363598701	11.443207750051386	18.08694949273662	5.703576743272642	17.790167890130295	3.894745819354679	18.724216703926587	17.486498744055726	16.845931566600527
Bdellovibrionia	11.533917374422273	8.392895136692072	7.805025711944729	7.75847719016463	11.670683832197494	8.214690906797212	20.444284042245158	14.455751450547288	7.80119971406703	9.899936868485971	7.851744120588038	0.0	20.62689385244419	9.91734591511248	9.785107858313161	14.606291452658338	16.769578110375942	16.084736553639914	18.566603081877954	8.030691717034522	7.5388561390362625	10.023188720670502	12.078585156703951	19.260549057594385	20.5540446141386	8.133804298215432	19.473539739862396	8.108859939679144	8.22419966951703	10.017921441097789	15.826204535516403	9.50338956716548	8.629016309883202	20.480936257896023	9.666142227153102	20.024204104033696	11.708110911291872	9.660648270173176	19.077965038231934	9.74297388498285	8.06895891833079	19.753955300141794	18.244005864940956	9.218481968738713	14.784916300067444	18.499155386125064	11.95695404356792	20.017960685344548	21.28306251459127	8.981652033530036	19.646087396731186	8.108326731636552	9.648510247701456	10.377426088497495	18.999177613781075	17.466933045042566	20.963509963744144	20.43205202616712	19.798200675819004	8.451553111706817	10.035873155834524	20.819912343715572	19.2994494740135	18.80076461211086	12.703209349521991	9.627330120743416	18.580063239935434	8.55747791120128	13.03480916622871	21.171177340903835	10.086835985782498	9.520739832673538	12.701812230962195	17.662637119071434	11.37680832885412	9.455855035079914	12.543673704302101	7.789194831460894	18.33626870440112	14.061605527108021	18.73415997583025	12.945800477374894	11.979003622078645	20.620832912372865	13.343615826803765	20.578356348357854	10.131807963472616	11.627920962853205	14.814477716072208	14.207172484347474	11.262493063260905	10.955877418080215	21.400204438275818	9.625767234576655	20.5540446141386	7.427797772695794	21.586309318639906	18.96625292460269	19.763444790825307
Bipolaricaulia	22.75274708689041	20.212897478832545	19.672202175483147	19.77748263035408	19.969421067666996	21.261652128648695	27.65863337187866	26.057628441590765	19.6514872578539	20.693960471596718	19.599828723594918	20.62689385244419	0.0	20.68598559411656	21.13215671286969	22.89650628371062	23.36129277244733	25.729360660537214	26.28687885618983	20.00971308092069	20.352163864123238	20.51020816698975	20.96157806802805	26.720778431774775	28.21347195933177	19.75606685932549	26.248809496813376	19.90913280880794	20.102632988273616	21.058015101143948	23.65903632864196	21.35284237639158	20.297827735353906	28.071337695236398	21.37870175873375	27.53179979587241	21.176506899024808	21.04051151944743	27.65863337187866	21.383043934417653	20.036972254225912	27.258026340878022	26.014419078657127	20.41768914883198	22.688102609076854	26.153393661244042	22.135943621178562	27.80287754891569	27.784887978899608	20.138430815611787	25.553864678361276	19.738769883271104	22.0	21.826334756181463	26.419689627245813	26.258332011001766	27.83882181415011	26.814175355583846	27.54995462791182	20.130294334658927	22.41093483101497	28.319604517012593	27.0	25.39685019840059	22.762054193572176	20.719334191229397	26.28687885618983	19.845837509059475	22.278072178714208	28.124722220850465	20.940147944041907	20.224561301017122	22.596842344686603	26.68332812825267	21.35193961783782	20.97286606811555	23.62731470142132	20.088357121396033	26.153393661244042	23.76467967383518	26.476404589747453	23.33452377915607	22.437567703395125	27.676705006196094	21.999999999999872	28.407745422683583	21.497219233719512	21.903778445831566	21.73131381210073	22.754120505965506	20.676073128135332	21.32047138315661	28.19574435974337	20.931306019537285	26.248809496813376	19.388287765538696	28.071337695236398	26.720778431774775	26.139051245215462
Blastocatellia	10.876465418507882	7.699708449290693	5.272960567435092	5.285659905560927	12.114224880051038	9.99202574618363	17.621293936598356	18.55020215523264	5.383747596185123	10.627793750351275	5.38531595759859	9.91734591511248	20.68598559411656	0.0	8.888257661676915	13.090454537562776	15.279397893896139	16.712570119523747	16.926606275328723	5.464712288005999	6.208834369787228	8.464052074201197	11.449792797340601	20.28077907773757	20.584217254974686	5.232264211381727	19.18619295222473	7.194959358223835	6.586533571598653	9.684523736354041	14.698979556418118	7.453926509442154	5.873588751066408	20.265981348062027	8.664038062909835	19.532280972789582	10.812235867037083	9.190382200975018	18.322390673708426	9.56673119090379	6.663965706304195	19.034442466224167	18.99894733926061	6.659954439881116	14.93519333654566	17.919542404871773	10.213226718329217	19.857240493079537	18.29508130618712	6.064366466723187	19.64968193126795	5.273044114418251	12.700787377166726	10.762537908050604	19.43990740718684	16.646621278806034	18.030806970293874	18.571752744423396	20.642432027258746	5.85480571838202	10.696261028976332	17.97526077696783	18.59327835536267	18.507025692963143	10.002721851798528	7.826881153250303	18.086182571233703	5.793218801585915	9.862682190966005	18.641620101267975	8.417656370718822	6.851139898866097	9.79197832443346	17.964130928046533	8.742465902660117	8.554011404663346	12.812493902437488	5.80022137743178	17.84124435122163	12.72910051810391	18.201922975334167	13.78078372227058	11.942408095149991	17.93069993056595	11.623682721065322	20.4428471598258	9.861938252034722	8.972963926855199	14.438143925034055	14.386104406683478	10.957189420649708	12.71701615946122	18.620150375332567	7.30921976921858	18.13587604721641	7.000991665294079	19.134001149785632	18.43664828541234	17.045820602129947
Brachyspirae	11.949644717553094	8.230714212172801	7.318526296302946	6.928986282089925	13.303640507623925	8.609436803499875	20.851830053212424	17.690468131790595	7.366056184165288	10.783550918608146	7.34847805091236	9.78510785831316	21.13215671286969	8.888257661676919	3.3207865422210978e-06	14.28725794703014	18.227482663833772	14.600802442080646	18.88911899925596	7.96068030825141	6.616963645176396	9.303877158342038	8.901153167654405	20.664694185949667	18.825891776578285	7.026484058208259	19.35177315545943	8.252749216944192	6.95751229403063	8.008191072918235	14.576415659932648	8.975598890199917	7.856130999518705	18.620469744105	9.717893241165088	20.311771152149273	7.439477475942928	8.332167694611622	19.371637902603666	7.561093611776074	7.619249730686365	20.004585273198444	19.491881180447105	8.049168208867698	15.322518911681001	17.037028937863294	11.124186914861074	18.299610368665665	21.460849175586777	8.463155467440401	20.252985754023236	7.479683113633753	11.508808049572254	9.1038460635742	19.492374476238112	17.88614550940021	21.199391528613212	18.268056642432704	21.068358731637733	8.068735318807828	10.44632661010441	21.011690180953085	17.174185940588245	18.717298899855027	12.737474671711906	6.939801940050274	17.129337441460994	7.814302452749668	12.445101338972028	21.412405849421983	9.010533357549605	9.587280400139619	12.423675963671057	18.5169041593074	8.252666773579937	10.15487400910043	14.540750735524906	7.160782488017127	16.910134911404437	13.182927815884339	17.01669907288965	12.721528135664927	10.832627802848997	20.79457143543567	12.146703516248238	18.97039113052169	8.855368183482486	11.094629795022987	15.629446112988832	14.016843207053773	10.962820437855767	12.42731828050508	21.544916615124503	9.19198004075193	19.22015091468944	7.4242779893249145	21.610867307880575	17.29691972440955	17.584159426082866
Bradymonadia	15.966762351835765	13.153916154669728	11.89685645897678	11.998330654179993	16.437592416301413	15.124893278771161	21.96019125599775	22.118996360594664	11.90995333279433	15.009663553857814	11.836610939501078	14.606291452658338	22.89650628371062	13.090454537562776	14.28725794703014	0.0	19.44222209522358	19.371370627810517	20.03122562401013	12.330204150182432	12.88354429560936	13.50766821445192	15.741048638667362	24.026027553467927	24.41823089414956	11.963008871471713	21.80022935659164	13.497109182914937	12.498691196787586	15.049584711878481	17.24818831066034	13.328847034357853	12.904588583863626	24.06761309311748	15.032150729538083	23.43608329051593	14.973124070962799	14.902285898478796	23.11384866265244	14.773704534713476	13.209384273091421	23.11384866265244	23.010866998007703	12.725833764164365	18.261982367749674	20.5	15.173990905493376	23.79600806858159	21.80022935659164	12.174838215362639	20.93442141545832	11.756064107449603	16.911534525287763	16.313763786719935	22.655021518418383	21.592822881689184	21.70829334609241	20.573040611440984	24.520399670478458	12.742792080231139	15.386682553429118	21.68524844220144	20.573040611440984	20.47559522944327	15.401118285515825	13.270130552613384	20.54872258803452	12.550658593949338	15.184284639060214	22.96192500641007	12.53098201275849	13.268186936447037	15.555654761588524	21.66217902243447	13.425060466184695	14.13427669807617	17.635192088548397	12.467832760408074	20.402205763103165	18.32511937205308	20.838665984174707	17.528548142958105	16.912355772563828	21.592822881689184	15.34872415979021	24.3567239176372	15.627108553379983	14.731785709956387	17.67766952966369	17.60681686165901	14.99166435056495	17.81326752732356	22.20923231451281	13.74963630474588	20.328551350256124	12.777866969784853	23.04886114323222	21.1482859825566	19.544820285692065
Brocadiae	15.409007106234977	15.616742716111588	14.495556926761804	14.817386109677546	14.709218575815507	17.54963445264573	19.254869513969705	23.339880033967614	14.429168121255458	18.2315660325713	14.596930651333933	16.769578110375942	23.36129277244733	15.279397893896139	18.227482663833776	19.44222209522358	0.0	24.346457647879703	20.5851888502389	14.192237643032387	15.70608940325964	16.451425721925215	19.500784913559038	23.08137777516758	23.16786567640619	14.985525089608695	24.09875515457178	13.615492415439196	16.101734473690325	17.84908961263869	23.108440016582687	15.431216704446747	14.421714645883618	23.146273998205412	16.980348118404955	22.599778759979046	19.827029810617425	17.050018328435897	23.275523624614763	17.94083210974688	14.532720120002173	22.776083947860748	22.01136070305514	15.476463390168307	20.024984394500787	25.470571253900058	15.939991635296698	22.754120505965506	18.728320800328042	14.824158359836192	23.146273998205412	14.512272818503126	19.716744153130353	17.79434991475932	24.077998255669012	22.23173407541571	19.461500456028563	26.471682983898095	22.907422377910613	14.408461055921322	18.16590212458495	19.35846068260594	26.186828750346997	23.48935929309269	15.341483341291234	17.81291858700047	25.607616054603756	14.142808460198928	16.056540723331413	19.84313483298443	17.38093607305156	13.111137534083245	13.688216974851796	23.76446927663229	18.96458081381691	15.835964693626307	16.896745248715803	14.855468655670208	25.352514668174436	17.52455420260369	25.782746168707476	21.54646142641524	18.380998642922165	19.84313483298443	19.606546525756677	23.232520310977886	16.530932796742796	15.25815272206271	18.841443681416774	20.74849392124643	16.347782724271816	16.486737093797547	19.512816301087856	14.69747982298098	25.43127995205904	15.352561904281382	20.068632240389476	26.033632093889626	25.179356624028344
Caldisericia	19.13602623325961	16.07095237389748	15.696976736396365	15.379684026503172	19.82702981061753	15.961989975154854	26.019223662515376	21.702534414210707	15.598566996221233	17.984437717093282	15.691997266831125	16.084736553639914	25.729360660537214	16.712570119523747	14.600802442080646	19.371370627810517	24.346457647879703	0.0	22.60530911091463	15.864532247153992	14.583547157503912	16.503361680141442	16.325765288184556	24.899799195977465	26.19160170741759	15.420470147004288	23.515952032609693	17.080058779419645	13.22643981591736	15.856859714332051	19.615045245933032	15.991547512255922	15.877245263492071	25.96150997149434	14.930356846222796	25.729360660537214	14.466436250085186	17.25407560549101	23.769728648009426	15.402420845478671	16.172225053381645	25.317977802344327	23.911294402436685	15.501272127981588	20.946360065653412	19.078784028338912	19.21804707386598	25.709920264364882	26.343879744638983	16.42787984783467	25.278449319529077	15.739279066609846	16.822603841260722	17.806053901849264	23.194827009486403	22.34949663862701	25.942243542145693	22.293496809607955	25.942243542145693	15.494474821690524	11.01135777277262	25.69046515733026	19.974984355438178	22.561028345356956	17.534093773116695	15.247163490729445	19.157244060668017	16.31234380932547	18.66313210583904	27.073972741361768	15.387511501346683	17.861491533984484	19.7640401727638	21.908902300206645	15.749894336078524	16.897567214773225	20.155644370746373	15.203984328319681	19.44222209522358	20.754758490524406	19.72308292331602	16.95582495781317	18.09542606418649	25.573423705088842	18.29389697868284	26.1725046566048	17.69180601295389	17.45372891565635	21.592822881689184	18.648056198971517	19.196353820452465	20.150992531386635	26.095976701399778	16.535919836956445	23.895606290697042	15.317140509521616	27.386127875258307	19.8997487421324	22.1641602593015
Calditrichia	16.843025262701474	17.64300173451449	16.17462602160652	16.271538268794338	20.431457227629394	18.804342737387195	20.688160865577203	24.331050121192877	16.22932096811916	20.54361214587171	16.44122585928174	18.566603081877954	26.28687885618983	16.926606275328723	18.88911899925596	20.03122562401013	20.5851888502389	22.60530911091463	0.0	15.841942115077398	16.718954007776176	17.54048571315097	20.21567385440686	26.019223662515376	25.709920264364882	16.261611923842846	25.179356624028344	16.965411344909334	16.62378232459487	18.91137224000434	22.972810015320285	15.487816146235591	15.847065038945557	25.39685019840059	17.84887173527277	25.238858928247925	19.721674483786746	19.09065543662658	24.899799195977465	18.565532913053694	16.538154677802545	24.899799195977465	24.53059314407216	15.552557030222761	21.97157254271983	24.43358344574123	17.59734828508722	25.15949125081825	19.82422760159901	16.35050471425377	25.13961017995307	16.146393840465972	20.554804791094465	19.690663326110382	25.553864678361276	23.42007685726074	20.784609690826528	25.92296279363144	26.19160170741759	16.157931488900466	17.698870020427858	20.808652046684813	24.657656011875904	25.099800796022265	14.333333333333524	18.20241320168523	24.61706725018234	16.37892032894337	17.155538464297763	21.72556098240043	17.461911904111002	16.413830515743484	16.433554953054593	24.677925358506133	19.005604903593166	16.966470201874998	18.580904176062045	16.28450026803402	24.269322199023193	19.80303007117838	24.289915602982237	20.96425529323663	20.110804171997685	20.518284528683193	20.84066537645398	25.65151067676132	18.738474718679743	16.636571467825792	21.96019125599775	21.90319611380951	20.024984394500787	20.59277786021109	21.307275752662516	15.999925639327383	25.80697580112788	17.47508025023246	22.338307903688676	24.474476501040833	25.144581921360317
Campylobacteria	8.639533817169404	5.8625220828330304	1.8602070296782396	2.0315131162429005	10.761083702286864	8.325938366752215	16.64671545642276	16.987847559011318	1.7799568631710685	10.197443122220088	2.40324694767329	8.030691717034522	20.00971308092069	5.464712288005999	7.960680308251414	12.330204150182432	14.192237643032387	15.864532247153992	15.841942115077398	2.132480599880018e-06	3.583797021763155	6.549325358557611	10.518751887835576	19.25743162203069	19.841733863368272	2.411158476792632	18.576182815476162	4.651145506373272	4.175539230274563	8.433990683418674	14.923202687838542	4.737194887209449	2.9098675035560615	19.610959168514505	7.438751718589051	19.021451438466727	9.763677018963287	8.285484262722436	18.233718967559284	8.361329409724334	3.8587988945945866	18.683463628916748	17.9043462551959	3.9054431690910065	13.886872547518264	17.609872965050926	8.466332857427515	19.222280187253997	17.014259793289607	3.5387860444523387	18.654836977299993	1.968231189847414	11.023212195746268	9.652892463709748	18.78272667738946	16.579889921593967	16.1283649131228	19.059502895894738	19.625001495451436	2.858065496042425	8.524485585381036	16.086891142062886	18.159006005931833	18.03975317779472	7.483143257199563	6.771934911967778	17.75383155648776	2.916861009820766	7.997374858859015	17.408403988490686	7.212904629354595	5.020920090097595	7.70933311319561	17.750495137766308	8.66910878676652	6.319795197354827	10.172319457503638	2.960711689300562	17.362848481396455	11.856969934939693	17.70130718288829	12.795226402166437	10.949093515084604	16.508122066570465	11.356854725724189	19.852699171969654	8.574073738295503	7.267342397733206	13.378606146727444	13.531141327502484	9.936273278834365	11.179539763170293	16.58694997857618	4.043241884079009	18.736469364515695	4.768518936996307	17.734890995650364	17.947433818408914	17.997958116648885
Chlamydiia	8.76740256262599	6.033232219940871	3.796003368061763	3.4236954657795398	11.444200704111111	6.8228148174218575	18.112110942100024	15.087212524961439	3.7688825146467306	10.385382060584483	4.116095955310508	7.5388561390362625	20.352163864123238	6.208834369787228	6.6169636451764005	12.88354429560936	15.70608940325964	14.583547157503912	16.718954007776176	3.583797021763155	6.743495761743046e-07	7.384926652912171	9.713234909447698	19.14246686399834	18.99598498263525	3.6983151798231626	18.87872094921636	5.3428061581511415	4.29382647161467	7.626861065098817	14.635600343539416	5.483198434361667	4.233929737821828	18.81870173114975	6.943766083474781	19.120566121651812	9.28884163488562	7.170139863073412	18.01034661313624	7.44731645375434	4.592884640578654	18.803407027758702	17.95446486501325	4.8589574357471	14.064286308630042	17.22147755089332	9.148992089910463	18.394906499498923	18.572775886219095	4.982698934294175	19.312584940411668	4.030581015695649	9.430780679851152	8.515394269412967	18.756256719582794	16.307826673828487	17.829216612447567	18.602080249116813	19.63361226001738	4.28798437329761	7.278169215982944	17.685914721571972	17.714478618437337	18.380626906079772	8.945806720199043	6.529567717807997	17.331582683346195	4.57527102253919	9.355675312039358	18.776946036130166	7.23119315103982	6.4806204795107725	8.751897163535105	17.786708479455367	7.9431179828415654	6.6847745065111255	10.153416118150796	3.5336436704735164	16.999785200323906	11.600937338701401	17.255991225368685	11.82913568470223	10.260185462925199	17.86912269864312	11.355363478327321	19.075664208975176	7.750041064256239	8.459120205023149	14.024209462465109	13.773698265036074	9.87638477312224	10.668279153517469	18.270269640130483	5.269633172009204	18.614089205998877	5.259992463673433	19.157053449242962	17.499192756709704	17.65220209369339
